36.5697 3427 214 265.625 1515.62 46.3699 3.12709 15 28.5439 125 40.177 375 abd_0.txt.nfeats A NV n
61.6393 3656 228 296.875 984.375 26.0189 5.81117 27 28.069 156.25 30.9665 390.625 abd_0.txt.nfeats A NV n
109.402 3661 228 531.25 1500 14.4226 9.86591 84 35.0066 187.5 31.7181 781.25 abd_0.txt.nfeats A NV n
98.3671 3783 236 593.75 1562.5 14.6499 10.791 86 33.8999 203.125 34.1193 796.875 abd_0.txt.nfeats A NV n
99.0956 3750 234 609.375 1562.5 14.0204 10.1645 94 35.5699 203.125 35.0121 812.5 abd_0.txt.nfeats A NV n
90.3738 3638 227 640.625 1531.25 13.2252 9.92718 108 34.5368 203.125 33.2421 828.125 abd_0.txt.nfeats A NV n
92.1433 3613 225 656.25 1515.62 12.803 10.755 70 33.5642 203.125 30.6993 828.125 abd_0.txt.nfeats A NV n
73.257 3632 227 656.25 1515.62 14.4809 11.5385 62 32.8311 203.125 32.684 843.75 abd_0.txt.nfeats A NV n
59.4636 3638 227 671.875 1500 15.1396 13.1521 49 30.7569 203.125 31.6668 859.375 abd_0.txt.nfeats A NV n
48.0835 3724 232 640.625 1484.38 20.4037 18.789 33 32.5914 218.75 33.7034 656.25 abd_0.txt.nfeats A NV n
42.5711 3197 200 312.5 1125 17.6462 2.39878 18 25.6883 187.5 25.1444 265.625 abd_0.txt.nfeats ~i VN n
432.367 3435 214 218.75 234.375 69.1699 84.2852 5 27.639 140.625 0 0 abd_0.txt.nfeats ~i VN n
16.024 3530 220 234.375 765.625 54.1487 2.29111 7 33.6822 187.5 30.9689 437.5 abd_0.txt.nfeats ~i VN n
25.7305 3626 226 234.375 671.875 40.0559 3.10871 11 25.3688 140.625 37.5175 218.75 abd_0.txt.nfeats ~i VN n
30.0747 3794 237 250 625 41.5672 4.24499 12 26.7728 140.625 37.3531 218.75 abd_0.txt.nfeats A VN n
31.7234 3707 231 250 593.75 40.6555 4.77994 13 26.6062 140.625 36.7516 218.75 abd_0.txt.nfeats A VN n
